0 0 68.0
73.0924855491
0 1 54.0
63.2585118113
0 2 41.0
39.7909385546
0 3 117.0
97.5212335862
0 4 35.0
36.0332787597
0 5 37.0
36.3718132915
0 6 40.0
38.711884794
0 7 151.0
116.863042534
0 8 37.0
41.903605199
0 9 38.0
39.4198937485
0 10 39.0
40.826556183
0 11 118.0
99.7720605433
0 12 41.0
45.7203381336
0 13 56.0
59.1571385613
0 14 66.0
75.5129138962
1 0 47.0
45.7813826055
1 1 63.0
62.8159978616
1 2 48.0
46.407932106
1 3 43.0
47.2672658625
1 4 41.0
40.2310468108
1 5 200.0
155.4192255
1 6 40.0
41.1165090715
1 7 38.0
43.0388252197
1 8 37.0
35.8226803435
1 9 214.0
159.542751178
1 10 38.0
42.0024391059
1 11 44.0
50.8679541582
1 12 43.0
38.9028367136
1 13 55.0
56.8687894684
1 14 45.0
45.0792876474
2 0 50.0
61.0624143807
2 1 49.0
45.9915800728
2 2 57.0
59.809582679
2 3 59.0
59.8437301614
2 4 56.0
58.4873199906
2 5 44.0
40.9656186308
2 6 123.0
101.996190985
2 7 38.0
51.9788165325
2 8 123.0
101.864679742
2 9 38.0
39.1062180494
2 10 38.0
37.2795950416
2 11 54.0
53.7995255438
2 12 57.0
59.0852350563
2 13 43.0
40.4048581643
2 14 45.0
50.2244979785
3 0 93.0
87.776604631
3 1 48.0
44.50506198
3 2 46.0
41.6589261252
3 3 54.0
55.2986067025
3 4 47.0
49.7825520398
3 5 46.0
42.5339971265
3 6 41.0
38.6710214174
3 7 105.0
87.7692873133
3 8 35.0
35.9012663303
3 9 35.0
33.806642387
3 10 38.0
42.9363159477
3 11 50.0
50.1635203315
3 12 39.0
40.3172174145
3 13 39.0
37.087740987
3 14 83.0
79.7220421665
4 0 47.0
45.9403254369
4 1 107.0
124.066757994
4 2 43.0
40.4569481105
4 3 41.0
39.4153496609
4 4 47.0
51.9001303084
4 5 61.0
114.394968091
4 6 41.0
40.2709412276
4 7 36.0
34.7852250326
4 8 34.0
33.4653680377
4 9 45.0
107.207691537
4 10 36.0
48.2229275953
4 11 40.0
43.3854121421
4 12 38.0
37.7107487721
4 13 48.0
101.861706038
4 14 38.0
42.7272210899
5 0 47.0
44.274650005
5 1 48.0
86.6799425307
5 2 119.0
98.8046376424
5 3 46.0
45.0606769354
5 4 47.0
44.5379732032
5 5 43.0
84.5933041532
5 6 104.0
88.4505329279
5 7 33.0
34.0128303652
5 8 107.0
87.4221992048
5 9 33.0
81.9021016405
5 10 33.0
34.7879982626
5 11 38.0
37.0530923185
5 12 99.0
85.4197935113
5 13 38.0
78.2397006248
5 14 37.0
38.7890340472
6 0 172.0
138.674930669
6 1 52.0
56.6677135888
6 2 58.0
67.5612282402
6 3 62.0
74.0480470447
6 4 49.0
51.0843997461
6 5 44.0
41.7319990645
6 6 36.0
45.3761234923
6 7 50.0
43.275953089
6 8 35.0
48.8318353436
6 9 33.0
35.9159677904
6 10 45.0
44.5695479301
6 11 115.0
96.6970496843
6 12 36.0
47.9277957834
6 13 35.0
34.9998997628
6 14 146.0
114.152561061
7 0 44.0
41.952086605
7 1 47.0
64.8646463296
7 2 124.0
106.793310836
7 3 47.0
47.0145009857
7 4 46.0
43.5565839153
7 5 45.0
57.5467272545
7 6 116.0
95.8086471315
7 7 39.0
41.8740018043
7 8 49.0
49.0194460223
7 9 56.0
69.3399044405
7 10 48.0
51.3306157907
7 11 51.0
50.608473387
7 12 112.0
93.7195362358
7 13 35.0
51.0602091617
7 14 36.0
35.4826088409
8 0 46.0
45.8948177353
8 1 204.0
148.123091316
8 2 46.0
44.9615423168
8 3 46.0
44.4432490227
8 4 47.0
49.1185806409
8 5 201.0
144.041197501
8 6 38.0
39.3291790571
8 7 31.0
30.7594306525
8 8 32.0
32.1375588894
8 9 193.0
138.703798991
8 10 55.0
55.4398075445
8 11 39.0
39.1013064252
8 12 36.0
35.0365531758
8 13 170.0
123.083798323
8 14 36.0
44.4345952087
9 0 48.0
73.4176551171
9 1 49.0
45.9565304554
9 2 50.0
53.9544254736
9 3 51.0
56.4167195696
9 4 57.0
66.2933275418
9 5 51.0
54.595409135
9 6 39.0
37.8333054897
9 7 34.0
68.938788466
9 8 33.0
33.4535066324
9 9 34.0
33.9189080825
9 10 48.0
46.0963279762
9 11 45.0
51.0017374453
9 12 36.0
35.5645360687
9 13 37.0
35.1610144007
9 14 37.0
59.4292492232
10 0 49.0
69.4426141869
10 1 48.0
45.6797754686
10 2 61.0
69.2825019212
10 3 50.0
56.9436666778
10 4 49.0
53.5151525276
10 5 46.0
52.1039460055
10 6 103.0
87.9311370243
10 7 34.0
62.415683785
10 8 101.0
85.2847739651
10 9 36.0
36.4628286946
10 10 41.0
42.6111129674
10 11 39.0
46.7468675866
10 12 48.0
51.1651575395
10 13 39.0
37.2166460623
10 14 38.0
57.557051689
11 0 48.0
46.3961709379
11 1 65.0
64.4885562498
11 2 48.0
49.3301814294
11 3 47.0
45.5640348826
11 4 48.0
45.4228340406
11 5 206.0
158.12730128
11 6 43.0
55.6206689164
11 7 36.0
34.9505830465
11 8 37.0
50.9193090314
11 9 196.0
147.865448227
11 10 38.0
39.6536803769
11 11 41.0
38.8705937385
11 12 41.0
42.5479301012
11 13 54.0
54.9928831568
11 14 39.0
36.8600020047
12 0 55.0
63.6424203949
12 1 58.0
64.6331317451
12 2 62.0
65.2806308263
12 3 114.0
98.5212669986
12 4 46.0
40.4111062849
12 5 43.0
44.9600721708
12 6 44.0
39.1169768452
12 7 162.0
127.986601624
12 8 38.0
36.5704834776
12 9 39.0
43.1502890173
12 10 39.0
34.7859601056
12 11 111.0
93.4669050085
12 12 49.0
50.5291857396
12 13 55.0
56.1244612249
12 14 56.0
58.415683785
13 0 189.0
146.662501253
13 1 173.0
139.357245481
13 2 152.0
128.109492466
13 3 140.0
121.429750409
13 4 151.0
128.36680143
13 5 174.0
145.483176852
13 6 199.0
160.826288884
13 7 203.0
159.525911323
13 8 203.0
160.849744395
13 9 204.0
159.82595476
13 10 198.0
148.866851549
13 11 195.0
146.10788867
13 12 191.0
143.021484179
13 13 183.0
142.31811955
13 14 173.0
134.016672792
14 0 185.0
174.23241672
14 1 157.0
148.174513014
14 2 113.0
112.200708343
14 3 104.0
99.2367603328
14 4 111.0
83.6904006148
14 5 164.0
124.458585319
14 6 193.0
140.190918507
14 7 200.0
142.618430285
14 8 198.0
125.620034081
14 9 203.0
153.711985031
14 10 202.0
181.799659193
14 11 200.0
186.657455979
14 12 194.0
182.587390157
14 13 188.0
171.811888135
14 14 174.0
147.400213839
